0.000 0.257 0.685 0.387 0.381 1.000 0.211 0.207 0.358 0.586 0.908 0.095 0.406
0.372 0.428 1.000 0.516 0.222 0.777 0.881 0.814 0.200 0.424 0.841 0.374 0.556
0.743 0.541 0.474 1.000 0.380 0.729 0.356 0.562 0.717 0.430 0.749 0.299 0.674
1.115 0.329 0.214 1.000 0.129 0.962 0.276 0.205 0.564 0.242 0.563 0.159 0.830
1.486 0.377 0.290 1.000 0.254 0.652 0.633 0.604 0.748 0.132 0.547 0.295 0.735
1.858 0.630 0.396 1.000 0.590 0.484 0.651 0.690 0.820 0.347 0.777 0.700 0.691
2.229 0.266 0.446 0.431 0.356 1.000 0.555 0.308 0.395 0.470 0.886 0.256 0.900
2.601 0.398 0.489 0.822 0.521 0.640 0.663 1.000 0.695 0.344 0.572 0.736 0.682
2.972 0.471 0.548 1.000 0.530 0.362 0.423 0.748 0.528 0.635 0.556 0.384 0.671
3.344 0.190 0.583 0.721 0.672 0.377 0.325 1.000 0.447 0.572 0.470 0.304 0.581
3.715 0.500 0.752 0.586 0.419 0.775 0.906 0.953 0.618 0.441 0.757 0.539 1.000
4.087 0.691 0.360 0.489 0.335 0.971 0.542 0.582 0.493 0.300 0.325 0.340 1.000
4.458 0.423 0.401 1.000 0.510 0.746 0.801 0.804 0.647 0.366 0.624 0.568 0.849
4.830 0.109 0.273 0.887 0.121 0.438 0.312 0.249 0.220 0.194 1.000 0.129 0.174
5.201 0.188 0.230 0.802 0.172 0.692 0.228 0.208 0.167 0.088 1.000 0.086 0.117
5.573 0.349 0.385 0.839 0.424 0.586 0.442 0.804 0.329 0.420 1.000 0.397 0.319
5.944 0.379 0.384 1.000 0.385 0.778 0.648 0.590 0.422 0.312 0.847 0.324 0.580
6.316 0.273 0.561 1.000 0.424 0.389 0.246 0.542 0.418 0.297 0.790 0.389 0.310
6.687 0.330 0.671 0.388 0.182 1.000 0.304 0.407 0.231 0.281 0.902 0.159 0.422
7.059 0.101 0.395 0.703 0.087 0.448 0.167 0.209 0.169 0.126 1.000 0.105 0.096
7.430 0.346 0.534 0.476 0.528 1.000 0.311 0.452 0.338 0.429 0.953 0.601 0.610
7.802 0.621 0.846 0.471 0.507 0.811 1.000 0.825 0.433 0.436 0.668 0.373 0.555
8.173 0.626 0.373 0.952 0.346 0.757 0.524 0.392 1.000 0.392 0.796 0.281 0.408
8.545 0.355 0.409 0.904 0.176 0.302 0.177 0.657 1.000 0.416 0.534 0.231 0.937
8.916 0.219 0.159 0.887 0.421 0.462 0.467 0.734 0.978 0.173 0.279 0.149 1.000
9.288 0.224 0.331 0.621 0.462 0.471 0.283 0.450 0.607 0.483 0.314 0.217 1.000
9.660 0.540 0.534 0.711 0.404 0.781 0.705 0.651 0.992 0.254 1.000 0.378 0.894
10.031 0.323 0.221 1.000 0.297 0.338 0.367 0.569 0.560 0.163 0.507 0.478 0.681
10.403 0.502 0.463 1.000 0.382 0.495 0.512 0.872 0.523 0.250 0.559 0.470 0.933
10.774 0.178 0.496 0.561 0.370 0.355 0.225 0.957 0.245 0.193 0.292 0.259 1.000
11.146 0.281 0.556 0.957 0.373 0.609 0.413 1.000 0.486 0.691 0.804 0.933 0.883
11.517 0.222 0.405 0.611 0.386 0.845 0.722 0.905 0.331 0.348 0.569 0.510 1.000
11.889 0.420 0.736 1.000 0.446 0.546 0.628 0.773 0.414 0.285 0.825 0.543 0.363
12.260 0.173 0.128 0.892 0.369 0.363 0.248 0.410 0.571 0.229 1.000 0.125 0.244
12.632 0.223 0.284 0.845 0.047 0.523 0.153 0.414 0.166 0.069 1.000 0.081 0.179
13.003 0.188 0.402 1.000 0.292 0.643 0.173 0.932 0.332 0.239 0.701 0.415 0.939
13.375 0.511 0.572 1.000 0.618 0.606 0.628 0.798 0.543 0.299 0.581 0.670 0.527
13.746 0.211 0.400 0.767 0.578 0.870 0.239 0.597 0.347 0.356 1.000 0.386 0.339
14.118 0.265 0.946 0.787 0.244 0.670 0.432 0.561 0.347 0.331 0.878 0.437 1.000
14.489 0.293 0.634 0.435 0.195 0.897 0.421 0.476 0.405 0.282 1.000 0.222 0.266
14.861 0.560 0.596 0.442 0.315 0.698 0.663 0.394 0.446 0.545 1.000 0.461 0.285
15.232 0.465 0.808 0.617 0.561 1.000 0.736 0.456 0.395 0.326 0.571 0.560 0.764
15.604 0.406 0.413 1.000 0.507 0.556 0.397 0.658 0.734 0.257 0.454 0.333 0.734
15.975 0.285 0.462 1.000 0.218 0.556 0.230 0.261 0.627 0.220 0.692 0.308 0.591
16.347 0.342 0.218 0.946 0.343 0.937 0.271 0.329 1.000 0.137 0.536 0.278 0.751
16.718 0.323 0.281 0.774 0.747 0.783 0.915 0.360 0.729 0.337 1.000 0.582 0.623
17.090 0.440 0.339 0.831 0.340 0.807 0.602 1.000 0.647 0.482 0.891 0.729 0.951
17.461 0.335 0.290 1.000 0.369 0.403 0.276 0.640 0.410 0.380 0.205 0.212 0.461
17.833 0.250 0.307 0.756 0.438 0.674 0.369 1.000 0.554 0.291 0.494 0.549 0.902
18.204 0.078 0.420 0.886 0.431 0.367 0.125 0.599 0.267 0.142 0.851 0.171 1.000
18.576 0.036 0.256 0.383 0.138 0.366 0.053 0.442 0.135 0.067 0.388 0.070 1.000
18.947 0.447 0.415 0.845 0.571 1.000 0.290 0.670 0.601 0.597 0.497 0.294 0.973
19.319 0.808 0.771 0.773 0.417 0.561 0.636 1.000 0.573 0.611 0.596 0.464 0.929
19.691 0.165 0.330 0.865 0.248 0.250 0.087 0.436 0.536 0.614 1.000 0.177 0.203
20.062 0.108 0.138 1.000 0.086 0.375 0.101 0.430 0.269 0.071 0.927 0.130 0.175
20.434 0.161 0.228 1.000 0.094 0.844 0.092 0.507 0.253 0.329 0.841 0.308 0.409
20.805 0.217 0.293 0.610 0.220 0.602 0.490 0.613 0.204 0.396 1.000 0.364 0.664
21.177 0.432 0.710 0.825 0.376 0.714 0.361 0.836 0.823 0.674 1.000 0.499 0.795
21.548 0.269 0.586 0.827 0.161 0.706 0.268 0.284 0.328 0.216 1.000 0.142 0.625
21.920 0.133 0.647 0.755 0.082 0.864 0.163 0.232 0.199 0.260 1.000 0.059 0.125
22.291 0.054 0.332 0.260 0.071 0.406 0.069 0.139 0.082 0.029 1.000 0.143 0.239
22.663 0.289 0.471 0.416 0.274 1.000 0.310 0.681 0.216 0.391 0.937 0.335 0.568
23.034 0.401 0.592 0.540 0.452 0.525 0.376 0.803 0.920 0.584 0.409 0.360 1.000
23.406 0.680 0.344 0.880 0.199 0.530 0.386 0.696 0.717 0.306 1.000 0.193 0.517
23.777 0.233 0.177 1.000 0.159 0.240 0.176 0.455 0.618 0.126 0.640 0.160 0.527
24.149 0.374 0.326 0.973 0.226 0.820 0.452 0.352 0.986 0.324 0.866 0.224 1.000
24.520 0.554 0.317 0.709 0.354 0.761 0.598 0.333 0.356 0.426 1.000 0.606 0.743
24.892 0.132 0.472 1.000 0.531 0.211 0.103 0.853 0.436 0.370 0.412 0.165 0.567
25.263 0.256 0.225 0.839 0.226 0.385 0.145 0.406 0.361 0.234 0.501 0.125 1.000
25.635 0.045 0.224 0.944 0.227 0.382 0.113 0.764 0.243 0.073 1.000 0.103 0.969
26.006 0.107 0.323 0.401 0.132 0.351 0.100 0.752 0.213 0.129 0.227 0.125 1.000
26.378 0.180 0.421 0.681 0.559 0.457 0.432 0.753 0.369 0.269 0.326 0.391 1.000
26.749 0.350 0.362 0.736 0.249 0.471 0.304 0.545 0.456 0.337 1.000 0.246 0.712
27.121 0.888 0.664 0.711 0.222 0.482 0.314 1.000 0.536 0.500 0.950 0.285 0.495
27.492 0.079 0.149 1.000 0.100 0.238 0.150 0.590 0.199 0.114 0.982 0.109 0.196
27.864 0.224 0.295 1.000 0.146 0.743 0.165 0.562 0.245 0.242 0.928 0.398 0.410
28.235 0.304 0.487 0.819 0.255 0.592 0.380 0.730 0.447 0.421 1.000 0.442 0.628
28.607 0.490 0.376 0.682 0.409 0.766 0.403 0.595 0.452 0.307 1.000 0.545 0.964
28.979 0.590 0.862 1.000 0.278 0.964 0.411 0.475 0.255 0.375 0.740 0.672 0.966
29.350 0.130 0.732 0.771 0.188 0.445 0.117 0.488 0.246 0.442 1.000 0.460 0.226
29.722 0.127 0.430 0.288 0.071 0.420 0.093 0.155 0.045 0.038 1.000 0.125 0.162
